g1e3b   1762  2767  2804  2808  2711  2844  2756  2768  2666
g1e3b   1770  2609  2809  2771  2779  2873  2821  2775  2768  2916  2843
g1e3b   1780  2987  2865  2746  2775  2631  2582  2658  2742  2692  2812
g1e3b   1790  2761  2756  2841  2926  2866  2915  2880  2928  2809  2987
g1e3b   1800  2788  2904  2980  2746  2720  2817  2972  2931  2783  2685
g1e3b   1810  2814  2692  2679  2700  2608  2665  2821  2862  2903  2775
g1e3b   1820  2871  -999  -999  2821  2796  2812  2784  2737  2771  2667
g1e3b   1830  2661  2805  2857  2936  2888  2813  2744  2797  2782  2794
g1e3b   1840  2714  2862  2773  2771  2786  2865  2890  -999  -999  2816
g1e3b   1850  2854  2808  2766  2812  2645  2818  3016  2829  2936  2760
g1e3b   1860  2881  2758  3012  2934  2624  2511  2810  2730  2928  2897
g1e3b   1870  3016  3015  2834  3155  2989  2875  2789  2915  2776  2893
g1e3b   1880  2883  2847  2856  2957  2847  2993  2934  2763  2824  2820
g1e3b   1890  2792  2935  2918  2834  2895  2778  2752  2944  2883  2805
g1e3b   1900  2846  2824  2939  3099  2764  2934  2888  2909  2852  2921
g1e3b   1910  3012  2813  2749  2726  -999  -999  2987  2948  2922  2897
g1e3b   1920  3184  2931  2937  2941  2924  2846  2706  2998  2893  2831
g1e3b   1930  2832  2865  2846  2968  2921  2772  2783  2866  2806  2845
g1e3b   1940  2751  2793  2914  2938  2788  2870  2846  2789  2940  2793
g1e3b   1950  2867  2944  2910  2837  2722  2878  2912  2906  2967  2826
g1e3b   1960  2841  2791  2986  2990  2858  2804  2917  2878  2847  2803
g1e3b   1970  2841  2857  2884  2899  2929  2985  2878  -999  2885  2786
g1e3b   1980  2638  -999  -999  -999  -999  -999  -999  -999  -999  3096
g1e3b   1990  2917  2867  2992  2840  2954  2894  2764  2802  2869  2985
g1e3b   2000  3076  2875  2932  -999  2629  2760  2918  2871  2967  2888
g1e3b   2010  -999  2874  2844  2653  2936  2976   999
g2e3b   1967  2748  2736  2561
g2e3b   1970  2610  2746  2692  2787  2685  2925  2748  2633  2664  2709
g2e3b   1980  2541  2623  2752  2792  2574  2548  2761  2616  2710  2814
g2e3b   1990  2754  2607  2782  2684  2646  2624  2642  2793  2635  2788
g2e3b   2000  2779  2705  2487  2798  2554  2680  2644  2578  2688  2632
g2e3b   2010  2730  2738  2555  2656  2819  2912  2688   999
g2e6d   1765  2495  2800  2884  2904  2900
g2e6d   1770  2754  2679  2874  2852  2799  3011  2861  -999  2587  2551
g2e6d   1780  2809  2986  2955  2857  2902  2711  2786  2883  2988  2794
g2e6d   1790  2933  2867  2911  3011  3069  3003  3075  2968  2948  2874
g2e6d   1800  2909  2750  -999  2951  2723  2764  2847  2981  3009  2741
g2e6d   1810  2795  2871  2818  2772  -999  -999  2660  2864  2773  -999
g2e6d   1820  2877  2968  3104  3004  3097  2952  3179  3026  2881  2957
g2e6d   1830  2797  2784  3003  3043  3097  3107  3028  2910  2580  2926
g2e6d   1840  2787  2810  -999  2900  2828  2910  3040  2975  2983  2915
g2e6d   1850  2912  2934  2824  2664  -999  2671  2851  2860  2764  2845
g2e6d   1860  2652  2660  2841  2868  2793  2827  2798  2758  2834  2860
g2e6d   1870  2700  2807  2781  2836  2877  2852  2684  2693  2809  2688
g2e6d   1880  3079  2720  2880  2751  2761  2698  2830  2766  2665  -999
g2e6d   1890  2719  2620  2728  2958  2948  2938  2741  2836  3011  2967
g2e6d   1900  2906  2875  2953  2936  3108  2862  2932  2914  2906  2859
g2e6d   1910  2750  2998  2816  2899  2813  2660  2788  2964  2908  2856
g2e6d   1920  2955  3004  2896  2877  2895  2858  2837  2803  3038  2881
g2e6d   1930  3005  2986  2930  2904  3037  2974  2727  2844  2928  2964
g2e6d   1940  2878  2779  2894  2969  2851  2857  2787  2880  2850  2984
g2e6d   1950  3160  2994  3101  3027  3021  2893  3040  3076  3223  3150
g2e6d   1960  2978  3030  3035  3168  3224  2960  2949  2865  2868  2767
g2e6d   1970  2740  2871  2742  2905  2814  2862  2980  2785  2749  2813
g2e6d   1980  2685  2762  2812  2864  2790  -999  2739  2722  2819  2877
g2e6d   1990  2537  2855  2947  2817  2948  2755  2774  2772  2880  2828
g2e6d   2000  2992  2939  2861  2930  2885  2813  2958  2836  3008  2964
g2e6d   2010  2678  2967  2928  2845  2822  2995  2789   999
g3e1c   1779  2893
g3e1c   1780  2847  2803  2834  2827  2798  2675  2655  2802  2754  2719
g3e1c   1790  2838  2794  2744  2736  2869  2809  2815  2738  2823  2654
g3e1c   1800  -999  2636  2728  2715  2576  2553  2655  2755  2792  2797
g3e1c   1810  2813  2794  2841  2764  2777  2745  2641  2759  2829  2855
g3e1c   1820  2719  2754  2893  2796  2891  2828  2951  2817  2675  2740
g3e1c   1830  2738  2726  2759  2973  -999  -999  -999  -999  2820  2905
g3e1c   1840  2971  2813  3003  2931  2912  2959  3012  2903  -999  2943
g3e1c   1850  2773  2904  -999  2748  2758  -999  2903  2953  -999  -999
g3e1c   1860  2797  2847  -999  2848  -999  2704  2842  -999  2798  2951
g3e1c   1870  2767  2831  2697  2848  2854  -999  2775  2839  3082  2810
g3e1c   1880  2921  2932  2884  -999  2898  2956  -999  3017  2900  2958
g3e1c   1890  2941  2869  2998  2935  2917  2965  2855  2849  2889  -999
g3e1c   1900  2920  2928  2665  -999  2977  2863  2850  2846  2886  2817
g3e1c   1910  2835  2952  2857  2907  2751  2782  2722  2936  2857  2789
g3e1c   1920  2895  2949  2829  2823  2890  2903  2830  2757  2990  2914
g3e1c   1930  2856  2847  2911  2901  2934  2880  2775  2766  2851  2847
g3e1c   1940  2802  2682  2798  2892  2857  2710  2816  2859  2776  2840
g3e1c   1950  2850  2824  2909  2841  2784  2657  2856  2831  2815  2845
g3e1c   1960  2702  2739  2673  2792  2841  2737  2966  2881  2838  2848
g3e1c   1970  2790  2791  2667  2908  2714  2772  2721  2855  2838  2545
g3e1c   1980  2604  2768  2679  2708  2679  2712  2643  2680  2758  2965
g3e1c   1990  2947  2830  3027  2907  2823  2741  2739  -999  2778  2902
g3e1c   2000  2964  2879  2778  2772  2756  2484  2926  2785  2732  2904
g3e1c   2010  2921  2908  2908  2885  2780  3014  2774   999
gms03b  1772  2908  2860  2833  2914  2934  2825  2790  2956
gms03b  1780  2788  3119  2757  2671  2662  2589  2598  -999  -999  2664
gms03b  1790  2745  2746  2702  2712  2851  2811  2798  2799  2792  2716
gms03b  1800  2812  2683  2738  2842  2617  2626  2730  2824  2817  2694
gms03b  1810  2696  2775  2623  2747  2735  2724  2630  2816  2772  2919
gms03b  1820  2706  2787  2872  2801  2850  2789  2936  2799  2691  2755
gms03b  1830  2742  2696  2806  2846  2868  -999  2847  -999  2699  2759
gms03b  1840  2714  2736  2751  2713  2697  2778  2834  -999  2788  2785
gms03b  1850  2759  2851  2781  2730  2810  2687  2768  2920  2827  2895
gms03b  1860  2749  2782  2844  2739  2707  2770  2773  2654  2820  2786
gms03b  1870  2652  2762  2760  2734  2836  2776  2724  2692  2789  2618
gms03b  1880  2688  2696  -999  2704  2780  2713  2836  2810  2583  2687
gms03b  1890  2644  2636  2812  2798  2670  2661  2718  2698  -999  2777
gms03b  1900  2726  2780  2715  2811  2940  2604  2773  2594  2679  2704
gms03b  1910  2716  2900  2792  2826  2765  -999  -999  -999  2804  -999
gms03b  1920  2746  2954  2830  2852  2811  2919  2797  2714  2957  2876
gms03b  1930  2825  2681  2749  2709  2912  2862  2702  2725  2885  2741
gms03b  1940  2787  2701  2807  2993  2932  2790  2866  2896  2833  2923
gms03b  1950  2799  2751  2860  2769  2735  2653  2738  2808  2786  2926
gms03b  1960  2742  2743  2696  2779  2907  2762  2776  2789  2793  2738
gms03b  1970  2744  2875  2803  2910  2821  2922  2880  2736  2873  2763
gms03b  1980  2626  2795  2878  2863  2780  2854  2928  2712  2779  2806
gms03b  1990  2795  2783  2823  2814  2850  2784  2952  2890  2602  2858
gms03b  2000  -999  2707  -999  2864  2779  2814  2921  2774  2892  2882
gms03b  2010  2811  2737  2875  2814  2765  2854   999
gms06b  1781  2891  2871  2887  2726  2752  2887  2992  2825  2905
gms06b  1790  2878  2919  3011  2999  2997  2978  2882  2997  2911  -999
gms06b  1800  2685  2740  2817  2659  2747  2777  2919  2872  2885  2858
gms06b  1810  2859  2848  2774  2830  2777  2769  2993  2948  3083  2815
gms06b  1820  2967  2964  2936  2986  2911  2981  2816  2742  2747  2823
gms06b  1830  2800  2797  2843  2971  2996  2896  2670  -999  -999  2811
gms06b  1840  -999  -999  2808  2745  2820  2972  2818  2896  2797  2814
gms06b  1850  2865  2919  2858  2861  2723  2917  3016  2947  2983  2852
gms06b  1860  2862  2961  2914  2890  2902  2898  2845  2967  2959  -999
gms06b  1870  -999  2936  2948  3002  2913  2793  2592  2833  2680  2755
gms06b  1880  2826  2817  -999  -999  2891  2980  2861  2767  2844  2829
gms06b  1890  2792  2953  2964  2905  2909  2855  2816  3006  2944  2884
gms06b  1900  2929  2889  2960  2985  2834  2970  2923  2921  2890  2848
gms06b  1910  2964  2813  2863  2738  2811  2681  2963  -999  2861  2840
gms06b  1920  2945  2921  2894  2915  2914  2789  2750  2999  2952  2858
gms06b  1930  2811  2841  2883  2940  2910  2804  2790  2869  2842  2801
gms06b  1940  2756  2747  2989  2875  2720  2758  2861  2780  2879  2753
gms06b  1950  2813  2951  2873  2799  2717  2921  2823  2952  3088  2868
gms06b  1960  2882  2825  -999  -999  2981  -999  2671  2726  2657  2936
gms06b  1970  2754  2944  2757  2887  2818  2904  2458  2624  2756  2817
gms06b  1980  2376  2519  2363  2938  2456  2607  2597  2520  2728  2748
gms06b  1990  2740  2520  2911  2789  2851  3000  -999  2897  2958  2802
gms06b  2000  2879  2789  2662  2952  2800  2508  2947  2996  2997  2921
gms06b  2010  2928  2909  2794  2985  2874  3138   999
